0.005278
0.007757
0.009071
0.007580
0.009316
0.010258
0.008799
0.008616
0.010702
0.008854
0.011534
0.008518
0.011056
0.010070
0.012129
0.009977
0.011959
0.010639
0.011866
0.011053
0.010239
0.009036
0.008658
0.010333
0.012552
0.011134
0.012067
0.009825
0.011199
0.010855
0.011267
0.010217
0.011307
0.010369
0.010005
0.012273
0.010713
0.010235
0.012043
0.009881
0.011870
0.011954
0.010439
0.012323
0.010787
0.012496
0.011647
0.011948
0.012200
0.011232
0.012755
0.012273
0.012091
0.011418
0.011986
0.012069
0.012577
0.010789
0.012111
0.012667
0.012523
0.012763
0.012295
0.013154
0.012164
0.011652
0.012292
0.011156
0.010473
0.012107
0.010816
0.012420
0.014943
0.012782
0.011301
0.012196
0.015571
0.013872
0.009628
0.013175
0.011667
0.012695
0.011405
0.013102
0.011725
0.013319
0.012650
0.013213
0.011291
0.011724
0.010771
0.013483
0.012030
0.013617
0.012020
0.012080
0.012713
0.012883
0.012339
0.011372
0.013559
0.012822
0.012853
0.012939
0.013526
0.013253
0.012931
0.013588
0.013769
0.012847
0.014214
0.012874
0.013629
0.014827
0.013949
0.012142
0.013666
0.013683
0.014698
0.014448
0.013952
0.014875
0.013369
0.013102
0.012224
0.015190
0.012623
0.014250
0.015112
0.013117
0.014736
0.013983
0.013425
0.013667
0.015187
0.013858
0.014849
0.014550
0.013619
0.015068
0.013476
0.014486
0.015266
0.012732
0.012846
0.015026
0.015218
0.014507
0.015776
0.014178
0.013829
0.013789
0.013732
0.014368
0.013654
0.013647
0.013089
0.013862
0.015534
0.014872
0.013578
0.013921
0.013603
0.015394
0.014376
0.012956
0.013410
0.013585
0.014253
0.013411
0.014407
0.015541
0.013722
0.014092
0.015552
0.016637
0.013052
0.016024
0.012465
0.015863
0.015892
0.016595
0.014645
0.015377
0.015341
0.012512
0.015612
0.016151
0.012812
0.015290
0.013208
0.014785
0.014407
0.016784
0.012754
0.014780
0.015027
0.015652
0.013708
0.014782
0.013693
0.015786
0.016738
0.014099
0.015099
0.014129
0.013097
0.013627
0.013414
0.014662
0.016408
0.015594
0.014413
0.016338
0.014193
0.013741
0.014535
0.015511
0.015481
0.016730
0.015259
0.015213
0.015106
0.016344
0.016251
0.014428
0.015334
0.016366
0.015388
0.015264
0.015358
0.014933
0.014615
0.015150
0.015680
0.013873
0.016120
0.015950
0.013746
0.014506
0.014916
0.014610
0.014818
0.014465
0.012950
0.016075
0.016202
0.015739
0.017063
0.015740
0.015029
0.015588
0.013499
0.015140
0.015295
0.017158
0.016587
0.014261
0.015563
0.015085
0.016832
0.014680
0.015518
0.017011
0.016303
0.017259
0.014946
0.014446
0.014653
0.013773
0.018890
0.016636
0.016285
0.017029
0.016877
0.016447
0.016671
0.013543
0.017402
0.016127
0.015958
0.017050
0.015342
0.016010
0.016304
0.017141
0.015029
0.014348
0.016876
0.017718
0.016688
0.016485
0.016670
0.016973
0.015597
0.014730
0.015957
0.015488
0.014152
0.015089
0.016669
0.014689
0.015090
0.015438
0.015810
0.013322
0.016623
0.016802
0.018014
0.017229
0.016686
0.016729
0.015733
0.016254
0.017607
0.017605
0.015001
0.015783
0.015925
0.016243
0.017326
0.015986
0.015604
0.016673
0.017183
0.016214
0.015838
0.016051
0.015944
0.014881
0.016244
0.018356
0.015321
0.017194
0.014934
0.016460
0.017444
0.018443
0.016616
0.017737
0.017328
0.015900
0.016884
0.016312
0.016152
0.016246
0.016478
0.016462
0.016912
0.016209
0.018513
0.017062
0.018251
0.014421
0.015618
0.015119
0.017407
0.017888
0.015230
0.015261
0.015943
0.016813
0.017385
0.017145
0.017828
0.015695
0.017703
0.018536
0.016455
0.016382
0.017104
0.018565
0.015270
0.016422
0.016518
0.015430
0.016774
0.017677
0.017846
0.018322
0.016882
0.014935
0.017515
0.016862
0.017755
0.015128
0.016520
0.016271
0.016120
0.015519
0.016190
0.017160
0.015439
0.018343
0.017810
0.014882
0.016279
0.016804
0.017442
0.015067
0.017205
0.018063
0.015893
0.015588
0.019492
0.016869
0.016572
0.016359
0.018082
0.016858
0.017171
0.016815
0.016795
0.017373
0.017073
0.016477
0.017362
0.015804
0.018158
0.015771
0.016636
0.018044
0.016617
0.017749
0.016465
0.016589
0.015852
0.016649
0.017188
0.018976
0.015966
0.012740
0.016661
0.015795
0.016456
0.016372
0.015438
0.018462
0.018679
0.017106
0.016996
0.016204
0.017318
0.017493
0.018386
0.017300
0.019205
0.016464
0.017597
0.017184
0.018237
0.016471
0.020024
0.016178
0.018716
0.016806
0.018081
0.015824
0.019690
0.016884
0.017809
0.017133
0.017732
0.016682
0.017851
0.017692
0.015471
0.016676
0.017221
0.016583
0.015920
0.016630
0.018925
0.017750
0.017733
0.016818
0.017009
0.018150
0.019456
0.017352
0.016472
0.018267
0.017290
0.020146
0.017416
0.015840
0.018386
0.019129
0.017147
0.015851
0.016753
0.017046
0.017222
0.020112
0.016497
0.018299
0.018791
0.018788
0.016555
0.018000