0.915737
0.933375
0.946833
0.942142
0.932756
0.952983
0.932126
0.964716
0.937318
0.944228
0.961326
0.927147
0.923248
0.940430
0.944133
0.928861
0.910363
0.956392
0.958389
0.933137
0.925661
0.947065
0.919246
0.952734
0.931529
0.934551
0.926432
0.938451
0.928506
0.928781
0.953004
0.929903
0.919252
0.909144
0.936962
0.930621
0.968375
0.933327
0.930018
0.942064
0.938400
0.941817
0.907638
0.925399
0.957677
0.939208
0.932109
0.947235
0.942197
0.941513
0.928104
0.966153
0.945831
0.948845
0.931172
0.953418
0.961507
0.921545
0.934690
0.930551
0.946185
0.961526
0.962239
0.948237
0.932450
0.950678
0.946625
0.923597
0.956789
0.953142
0.932875
0.950657
0.928252
0.945240
0.932129
0.946629
0.937968
0.919170
0.924726
0.941424
0.938838
0.920297
0.948015
0.946223
0.950336
0.952476
0.950606
0.928036
0.903673
0.940830
0.964370
0.929327
0.946013
0.934392
0.941447
0.952845
0.966041
0.931272
0.926619
0.948655
0.948885
0.930227
0.947849
0.917631
0.935778
0.926019
0.928725
0.921319
0.942869
0.943773
0.937243
0.922875
0.924918
0.930677
0.951594
0.926251
0.948484
0.933437
0.923401
0.963209
0.933259
0.941959
0.911459
0.943015
0.949796
0.935636
0.936531
0.950214
0.935916
0.931923
0.932508
0.914587
0.934341
0.940539
0.925129
0.957042
0.909158
0.947958
0.954572
0.944472
0.923501
0.923477
0.943911
0.941685
0.930077
0.959444
0.953095
0.934123
0.944613
0.944543
0.940379
0.921871
0.948250
0.942016
0.963571
0.918493
0.925465
0.909784
0.938308
0.957545
0.945629
0.927058
0.926380
0.959775
0.940392
0.929181
0.936085
0.949586
0.925846
0.958029
0.956975
0.950097
0.950344
0.934878
0.939216
0.937991
0.925732
0.948814
0.942348
0.931150
0.929882
0.951708
0.949215
0.943048
0.980386
0.952985
0.960417
0.933960
0.932818
0.934651
0.940409
0.959537
0.946515
0.922611
0.940557
0.955015
0.923164
0.954628
0.932408
0.932499
0.897511
0.924823
0.901093
0.903792
0.940996
0.934634
0.938388
0.944349
0.918515
0.934098
0.950910
0.925326
0.952262
0.915358
0.956785
0.930972
0.943045
0.946236
0.928425
0.949870
0.940328
0.950853
0.950380
0.947407
0.916394
0.918207
0.934907
0.946573
0.954351
0.941771
0.930824
0.942351
0.947095
0.945940
0.929951
0.940461
0.929065
0.935114
0.943836
0.965112
0.928497
0.931597
0.943089
0.918137
0.928334
0.930633
0.921558
0.963837
0.955246
0.930343
0.958036
0.952829
0.927956
0.948178
0.926669
0.963499
0.933408
0.943457
0.925526
0.926008
0.915265
0.945048
0.951483
0.916991
0.940447
0.947089
0.937119
0.950054
0.929992
0.959300
0.946388
0.938152
0.916837
0.954902
0.939749
0.965779
0.946495
0.951906
0.936261
0.946470
0.924134
0.966028
0.941114
0.922813
0.948026
0.936569
0.939891
0.954622
0.949730
0.954676
0.947280
0.946390
0.941007
0.925266
0.919743
0.932029
0.930313
0.950475
0.936921
0.935392
0.940412
0.943020
0.938043
0.937243
0.933398
0.972369
0.906898
0.933310
0.938018
0.944999
0.931371
0.920318
0.951775
0.931062
0.939769
0.927984
0.949084
0.933727
0.940346
0.940893
0.928865
0.970919
0.928214
0.930768
0.951439
0.929485
0.930280
0.952009
0.968681
0.924267
0.944612
0.934798
0.947355
0.944479
0.939615
0.928660
0.945774
0.936438
0.932365
0.955318
0.944349
0.934598
0.921736
0.931761
0.950213
0.931049
0.956078
0.939763
0.956846
0.918017
0.929001
0.932560
0.952130
0.945348
0.944675
0.941530
0.942555
0.959904
0.948375
0.928206
0.959485
0.953544
0.939642
0.923251
0.942405
0.922537
0.943554
0.920922
0.945406
0.981399
0.969279
0.956194
0.927514
0.925751
0.938505
0.917169
0.953384
0.948516
0.953756
0.936247
0.950915
0.933420
0.944801
0.916825
0.953030
0.948061
0.935540
0.925903
0.961405
0.957115
0.930006
0.949680
0.931542
0.947336
0.929890
0.946569
0.948319
0.919494
0.927409
0.949037
0.948501
0.934163
0.960068
0.946895
0.943456
0.965041
0.929085
0.939681
0.937194
0.937449
0.945529
0.914979
0.951984
0.942055
0.926132
0.933241
0.917798
0.941617
0.935803
0.931728
0.921196
0.945873
0.944990
0.930427
0.931828
0.935790
0.929142
0.946153
0.945203
0.943572
0.927798
0.949618
0.928085
0.957639
0.923391
0.957221
0.919747
0.964569
0.930192
0.942154
0.946768
0.950667
0.953779
0.917967
0.932231
0.952564
0.943609
0.941323
0.953188
0.942201
0.941774
0.928534
0.940263
0.945079
0.951376
0.960540
0.938357
0.930448
0.936997
0.926525
0.960348
0.940866
0.921342
0.948651
0.919160
0.929161
0.943448
0.930496
0.942635
0.937872
0.964952
0.935832
0.922914
0.924426
0.936318
0.940111
0.942063
0.946745
0.909671
0.926916
0.935266
0.920389
0.945468
0.935390
0.914166
0.934402
0.944916
0.951959
0.916731
0.945923
0.934093
0.933160
0.932359
0.942115
0.936437
0.953865
0.920239
0.943758
0.921225
0.931202
0.929899
0.952836
0.921401
0.945308
0.962301
0.934033
0.935644
0.939879
0.928975
0.968435
0.949227
0.940828
0.948897
0.939768
0.948781
0.934351
0.939569
0.932021
0.935800
0.950040
0.954353
0.944542
0.942591
0.929049
0.963252
0.961128
0.926056
0.935953
0.958235
0.939227
0.951285
0.969207
0.930623
0.945576
0.941937
0.927456
0.934123
0.939441
0.938289
0.968266
0.936927
0.937331
0.940813
0.942441
0.939685
0.958694
0.949842
0.945512
0.941969
0.950512
0.949797
0.928314
0.928994
0.932814
0.940061
0.945617
0.932773
0.943229
0.941010
0.953775
0.941145
0.938312
0.936079
0.930439
0.946336
0.947586
0.949699
0.953150
0.972680
0.926570
0.942960
0.944878
0.948131
0.941474
0.924662
0.943919
0.926895
0.917247
0.944808
0.936078
0.915299
0.949211
0.930000
0.954263
0.947859
0.946403
0.949201
0.946900
0.939860
0.933876
0.968287
0.931932
0.949155
0.927537
0.934616
0.930897
0.930397
0.930388
0.969741
0.935595
0.940348
0.927463
0.942549
0.933238
0.960245
0.932606
0.898219
0.953741
0.909906
0.936804
0.979840
0.932174
0.952864
0.952718
0.943300
0.935824
0.937501
0.924487
0.947765
0.939350
0.941699
0.955208
0.942233
0.947045
0.942641
0.950061
0.927000
0.944581
0.942882
0.937156
0.950804
0.972618
0.949106
0.935746
0.945659
0.943109
0.967893
0.945671
0.965016
0.931092
0.963376
0.954937
0.946390
0.937535
0.935928
0.938208
0.945753
0.958596
0.930755
0.940982
0.948224
0.931423
0.940683
0.923347
0.956138
0.962236
0.936181
0.960257
0.944647
0.935810
0.929511
0.948562
0.945574
0.933376
0.934250
0.927892
0.952812
0.929862
0.951360
0.921229
0.925394
0.939597
0.935243
0.920734
0.939189
0.962256
0.939208
0.945018
0.967208
0.934599
0.939985
0.920448
0.950697
0.930049
0.938076
0.920347
0.924688
0.924614
0.918046
0.959705
0.935908
0.931532
0.934981
0.922473
0.930687
0.949201
0.943266
0.928999
0.931523
0.942074
0.957114
0.943376
0.946074
0.969542
0.945180
0.938457
0.943058
0.932343
0.957510
0.934042
0.926970
0.939090
0.938623
0.954978
0.911877
0.953226
0.952210
0.932060
0.948229
0.942607
0.921882
0.937425
0.955963
0.933061
0.954828
0.925590
0.945286
0.937189
0.939167
0.935031
0.933149
0.954671
0.911370
0.959901
0.938591
0.927952
0.916957
0.930396
0.963432
0.956162
0.955348
0.946928
0.933651
0.949061
0.945438
0.930441
0.942245
0.963528
0.960715
0.919833
0.931066
0.932954
0.919924
0.933047
0.939443
0.954316
0.948919
0.922489
0.911908
0.944838
0.927386
0.917197
0.946789
0.932249
0.942802
0.959361
0.933826
0.948125
0.906712
0.933071
0.922873
0.918707
0.942352
0.936163
0.958236
0.949760
0.942559
0.941277
0.944296
0.927125
0.917879
0.911302
0.922721
0.932480
0.960461
0.907476
0.939266
0.938205
0.930682
0.940006
0.962087
0.924361
0.959229
0.924514
0.934189
0.923257
0.924815
0.975104
0.968279
0.927641
0.933791
0.926017
0.949313
0.939744
0.933173
0.943077
0.921649
0.955920
0.939709
0.948040
0.926350
0.914557
0.956698
0.945562
0.957638
0.946340
0.947524
0.924404
0.959903
0.944949
0.929156
0.913234
0.942647
0.910170
0.938336
0.917648
0.928901
0.935302
0.934032
0.937032
0.922259
0.925137
0.923531
0.936810
0.947564
0.934432
0.908496
0.931135
0.947659
0.931246
0.939580
0.952737
0.942466
0.950380
0.937683
0.945034
0.952235
0.930290
0.939975
0.964131
0.933638
0.941273
0.931576
0.939452
0.946081
0.952114
0.940000
0.927857
0.938079
0.959316
0.940756
0.936862
0.946674
0.947874
0.929601
0.929585
0.942027
0.927383
0.924038
0.960093
0.947671
0.928679
0.957495
0.945179
0.949120
0.932161
0.921039
0.926324
0.963757
0.946800
0.921615
0.928021
0.934632
0.939801
0.946158
0.942140
0.980800
0.944519
0.924159
0.948491
0.943600
0.954042
0.939695
0.949459
0.937106
0.950821
0.937984
0.958074
0.944248
0.947708
0.951624
0.953881
0.941653
0.922453
0.954364
0.951512
0.948295
0.940544
0.978330
0.947514
0.928708
0.945225
0.935724
0.937615
0.938121
0.951272
0.933354
0.943839
0.940043
0.929917
0.958700
0.921813
0.947286
0.931868
0.930214
0.942485
0.927468
0.951844
0.951211
0.939460
0.927767
0.933644
0.913071
0.937156
0.963784
0.936727
0.929096
0.952489
0.930455
0.940871
0.931748
0.945484
0.913688
0.944819
0.913465
0.932552
0.963339
0.969292
0.932917
0.937721
0.964314
0.904837
0.920997
0.945876
0.943076
0.955864
0.947592
0.946412
0.938346
0.942674
0.954247
0.939147
0.942359
0.923259
0.957715
0.941478
0.961966
0.953006
0.956976
0.926233
0.925904
0.952392
0.947933
0.954094
0.925495
0.908221
0.942385
0.920466
0.957943
0.940323
0.954829
0.933615
0.932051
0.976385
0.990202
0.964227
0.903202
0.922789
0.945473
0.927622
0.942843
0.942401
0.958066
0.942474
0.938915
0.935962
0.960733
0.934028
0.898766
0.937414
