0.023394
0.023035
0.023442
0.026234
0.025622
0.025091
0.023762
0.026111
0.024120
0.025055
0.023700
0.027891
0.024401
0.024044
0.025013
0.027235
0.026152
0.028691
0.025557
0.025989
0.025941
0.023175
0.024824
0.024069
0.029272
0.027825
0.026088
0.026079
0.028857
0.025025
0.025779
0.026840
0.025061
0.025622
0.023474
0.026533
0.024914
0.028900
0.025057
0.027306
0.027425
0.025501
0.026972
0.028642
0.025959
0.026597
0.028033
0.028576
0.023839
0.026394
0.023608
0.027885
0.027196
0.026011
0.026203
0.025542
0.024765
0.026338
0.025141
0.031395
0.030594
0.029111
0.026737
0.031110
0.025038
0.030893
0.027996
0.026275
0.027536
0.029295
0.028445
0.026473
0.030451
0.029065
0.026802
0.030757
0.025011
0.024991
0.029754
0.031284
0.027113
0.029669
0.025009
0.027405
0.026880
0.028698
0.028361
0.025808
0.026112
0.025838
0.026416
0.032588
0.026493
0.027738
0.030106
0.025077
0.027092
0.030513
0.025593
0.028472
0.028664
0.028683
0.027221
0.027147
0.024056
0.028008
0.028499
0.029715
0.025494
0.028659
0.027184
0.029704
0.026012
0.027826
0.026649
0.029981
0.025506
0.028499
0.024779
0.024123
0.024001
0.028513
0.028628
0.029406
0.026940
0.024758
0.024729
0.027312
0.026465
0.029570
0.025171
0.025968
0.028723
0.027675
0.026297
0.023982
0.029766
0.025878
0.026882
0.025696
0.027690
0.027478
0.029858
0.028770
0.028631
0.025909
0.025911
0.027250
0.030023
0.027807
0.025101
0.028626
0.027157
0.027378
0.027752
0.026527
0.024496
0.025517
0.027338
0.027134
0.026704
0.029845
0.027383
0.029391
0.024518
0.027406
0.026441
0.030966
0.029501
0.030949
0.027494
0.031484
0.029829
0.029306
0.028742
0.029033
0.029464
0.025932
0.026929
0.025356
0.030284
0.027339
0.028612
0.027082
0.027947
0.028990
0.024740
0.026702
0.029812
0.028776
0.029266
0.027407
0.028640
0.026717
0.031043
0.032211
0.026389
0.026194
0.028048
0.026275