0.004633
0.005835
0.005221
0.004821
0.006279
0.005766
0.006919
0.005551
0.006773
0.006500
0.006666
0.006828
0.006366
0.006923
0.006302
0.007018
0.006505
0.006179
0.006171
0.006573
0.006256
0.006301
0.006018
0.006111
0.006510
0.006855
0.006875
0.006101
0.007625
0.006888
0.006539
0.006745
0.006988
0.006692
0.006012
0.006280
0.007366
0.007565
0.007344
0.006830
0.007415
0.006853
0.007449
0.008580
0.007643
0.007065
0.007089
0.008116
0.006899
0.007025
0.006155
0.006484
0.007391
0.007800
0.006491
0.006864
0.007651
0.006853
0.007544
0.007719
0.007855
0.006043
0.008060
0.006413
0.006828
0.007094
0.006361
0.006641
0.007959
0.007655
0.006163
0.008202
0.007538
0.007661
0.008604
0.008511
0.006860
0.007183
0.007645
0.007556
0.007231
0.007593
0.007211
0.006750
0.007273
0.007748
0.007785
0.007419
0.007506
0.008237
0.008045
0.007075
0.007976
0.008025
0.007662
0.007110
0.008249
0.007883
0.007743
0.008098
0.007914
0.007539
0.007142
0.007697
0.007487
0.007704
0.007419
0.008299
0.007588
0.008130
0.007357
0.008522
0.007547
0.007562
0.007684
0.007566
0.007803
0.006831
0.007800
0.008000
0.008226
0.008931
0.007327
0.007998
0.007602
0.007796
0.007088
0.007914
0.008286
0.008080
0.008136
0.008099
0.007460
0.007734
0.008286
0.007979
0.007436
0.007875
0.008248
0.007911
0.006665
0.007681
0.007225
0.007244
0.007494
0.008904
0.007742
0.008889
0.008318
0.007801
0.008066
0.008852
0.007502
0.007468
0.007951
0.007563
0.009493
0.007903
0.007423
0.008219
0.008804
0.008624
0.007512
0.007379
0.007949
0.007828
0.007483
0.008439
0.008500
0.006963
0.007304
0.008311
0.009903
0.008746
0.008367
0.009208
0.008873
0.007420
0.007976
0.007666
0.007510
0.008582
0.007103
0.008429
0.007759
0.007807
0.007820
0.007154
0.007969
0.008881
0.007372
0.007676
0.008425
0.007810
0.007956
0.007311
0.008734
0.007670
0.008818
0.007742
0.007349
0.007951
0.007908
0.008211
0.008327
0.008550
0.007933
0.008145
0.008032
0.008385
0.008053
0.007646
0.008808
0.008423
0.007498
0.007885
0.007718
0.008883
0.007977
0.007464
0.008502
0.008156
0.008200
0.008911
0.007596
0.007492
0.007802
0.009094
0.008560
0.007579
0.008310
0.008149
0.007817
0.008358
0.008992
0.007887
0.008668
0.008712
0.008264
0.008335
0.007798
0.007815
0.007481
0.008536
0.007958
0.008455
0.008672
0.007846
0.007464
0.008193
0.009108
0.009859
0.008923
0.008207
0.007932
0.008710
0.009072
0.008336
0.007998
0.008254
0.008276
0.008542
0.008937
0.008468
0.008036
0.009125
0.009532
0.008463
0.007871
0.008191
0.007976
0.008016
0.007991
0.009487
0.009617
0.008144
0.008918
0.008080
0.008725
0.007483
0.008826
0.008835
0.007799
0.008343
0.007919
0.007973
0.008497
0.009118
0.009088
0.008438
0.007984
0.009330
0.007831
0.008621
0.009612
0.008763
0.009257
0.009075
0.009619
0.008607
0.008953
0.008988
0.009242
0.009463
0.008018
0.008988
0.008445
0.008151
0.008330
0.008701
0.008398
0.008235
0.008386
0.009074
0.008785
0.009098
0.009635
0.008065
0.008388
0.008699
0.008459
0.007686
0.008638
0.007306
0.008574
0.007444
0.007687
0.008790
0.008939
0.009395
0.008784
0.007966
0.009212
0.008935
0.007794
0.009231
0.008137
0.009381
0.008469
0.010475
0.008459
0.008523
0.009774
0.008260
0.009377
0.007807
0.008104
0.009423
0.008458
0.009497
0.009971
0.009161
0.008464
0.009260
0.008099
0.008584
0.008974
0.009211
0.009005
0.008433
0.009809
0.009209
0.008604
0.008787
0.008690
0.009492
0.008847
0.009384
0.008489
0.007977
0.008326
0.008519
0.009721
0.008184
0.009027
0.008528
0.008938
0.008122
0.008289
0.010086
0.007950
0.009507
0.009320
0.008033
0.008403
0.008247
0.009708
0.008728
0.008764
0.008862
0.008685
0.009749
0.008375
0.009537
0.008703
0.009092
0.009608
0.009238
0.009531
0.008962
0.009335
0.009182
0.009431
0.009154
0.009641
0.010434
0.008608
0.010049
0.009501
0.008604
0.007076
0.007749
0.008988
0.009269
0.008376
0.009178
0.008451
0.009133
0.008030
0.009638
0.009393
0.009390
0.007814
0.008853
0.008500
0.009775
0.010559
0.009430
0.009042
0.008893
0.008030
0.008938
0.009683
0.008614
0.009614
0.009229
0.009128
0.008836
0.008826
0.009548
0.009355
0.009466
0.009128
0.008507
0.009308
0.008733
0.009661
0.009316
0.008728
0.009540
0.008455
0.008956
0.009467
0.008882
0.009120
0.010423
0.009551
0.009572
0.008468
0.008823
0.007093
0.008609
0.009069
0.010491
0.009612
0.008896
0.008650
0.009053
0.009162
0.009021
0.007245
0.007782
0.008286
0.009637
0.008163
0.008609
0.010276
0.009173
0.008930
0.009715
0.010135
0.009655
0.009186
0.008649
0.009383
0.008606
0.009745
0.010730
0.009733
0.009518
0.009577
0.008436
0.009485
0.009588
0.008749
0.009156
0.009640
0.008876
0.009357
0.008459