0.004633
0.005835
0.005221
0.004821
0.006279
0.005766
0.006919
0.005551
0.006773
0.006500
0.006666
0.006828
0.006366
0.006923
0.006302
0.007018
0.006505
0.006179
0.006171
0.006573
0.006256
0.006301
0.006018
0.006111
0.006510
0.006855
0.006875
0.006101
0.007625
0.006888
0.006539
0.006745
0.006988
0.006692
0.006012
0.006280
0.007366
0.007565
0.007344
0.006830
0.007415
0.006853
0.007449
0.008580
0.007643
0.007065
0.007089
0.008116
0.006899
0.007025
0.006155
0.006484
0.007391
0.007800
0.006491
0.006864
0.007651
0.006853
0.007544
0.007719
0.007855
0.006043
0.008060
0.006413
0.006828
0.007094
0.006361
0.006641
0.007959
0.007655
0.006163
0.008202
0.007538
0.007661
0.008604
0.008511
0.006860
0.007183
0.007645
0.007556
0.007231
0.007593
0.007211
0.006750
0.007273
0.007748
0.007785
0.007419
0.007506
0.008237
0.008045
0.007075
0.007976
0.008025
0.007662
0.007110
0.008249
0.007883
0.007743
0.008098
0.007914
0.007539
0.007142
0.007697
0.007487
0.007704
0.007419
0.008299
0.007588
0.008130
0.007357
0.008522
0.007547
0.007562
0.007684
0.007566
0.007803
0.006831
0.007800
0.008000
0.008226
0.008931
0.007327
0.007998
0.007602
0.007796
0.007088
0.007914
0.008286
0.008080
0.008136
0.008099
0.007460
0.007734
0.008286
0.007979
0.007436
0.007875
0.008248
0.007911
0.006665
0.007681
0.007225
0.007244
0.007494
0.008904
0.007742
0.008889
0.008318
0.007801
0.008066
0.008852
0.007502
0.007468
0.007951
0.007563
0.009493
0.007903
0.007423
0.008219
0.008804
0.008624
0.007512
0.007379
0.007949
0.007828
0.007483
0.008439
0.008500
0.006963
0.007304
0.008311
0.009903
0.008746
0.008367
0.009208
0.008873
0.007420
0.007976
0.007666
0.007510
0.008582
0.007103
0.008429
0.007759
0.007807
0.007820
0.007154
0.007969
0.008881
0.007372
0.007676
0.008425
0.007810
0.007956
0.007311
0.008734
0.007670
0.008818
0.007742